8.180000000000000000e+02
8.810000000000000000e+02
8.636061099796334020e+02
8.567238289205702131e+02
8.369103869653768015e+02
8.150000000000000000e+02
8.440000000000000000e+02
8.210000000000000000e+02
8.177492032360872827e+02
8.133606276048051313e+02
8.045643540083353855e+02
8.013231184113753898e+02
7.972978671242951805e+02
7.894768325569992840e+02
7.820000000000000000e+02
7.762767369242778841e+02
7.689254488680718396e+02
7.575292740046838844e+02
7.548606557377049739e+02
7.457638563622169841e+02
7.420210772833723922e+02
7.377747853239656024e+02
7.347369242779078604e+02
7.305913348946136239e+02
7.272513661202185631e+02
7.215113192818110974e+02
7.076814988290398105e+02
6.960000000000000000e+02
6.969343434343434183e+02
7.004444444444444571e+02
7.040000000000000000e+02
7.600000000000000000e+02
7.410000000000000000e+02
7.170000000000000000e+02
6.830000000000000000e+02
7.010000000000000000e+02
7.250000000000000000e+02
7.110000000000000000e+02
7.590000000000000000e+02
7.800000000000000000e+02
8.410000000000000000e+02
8.040000000000000000e+02
8.180000000000000000e+02
8.220000000000000000e+02
8.180000000000000000e+02
7.970000000000000000e+02
8.410000000000000000e+02
6.900000000000000000e+02
6.912983782297966400e+02
6.923125343595381764e+02
6.938886750962067254e+02
6.974931280923584609e+02
7.205990929081913237e+02
7.216907641561297169e+02
7.229374656404618236e+02
7.240291368884002168e+02
7.251983232545354667e+02
7.314447498625618209e+02
7.438665475536008671e+02
7.450228147333699553e+02
7.461920010995052053e+02
7.473741066520066170e+02
7.665332600329851402e+02
7.677024463991203902e+02
7.688716327652556402e+02
7.700408191313908901e+02
7.712100054975261401e+02
7.736129741616272213e+02
7.789356789444749438e+02
7.840000000000000000e+02
8.140000000000000000e+02
8.480000000000000000e+02
8.110000000000000000e+02
8.400000000000000000e+02
8.520000000000000000e+02
7.800000000000000000e+02
7.860000000000000000e+02
7.800000000000000000e+02
7.820000000000000000e+02
7.500000000000000000e+02
7.680000000000000000e+02
8.140000000000000000e+02
7.830000000000000000e+02
7.960000000000000000e+02
8.190000000000000000e+02
8.340000000000000000e+02
7.720000000000000000e+02
7.950000000000000000e+02
8.020000000000000000e+02
8.090000000000000000e+02
7.700000000000000000e+02
7.790000000000000000e+02
8.010000000000000000e+02
8.220000000000000000e+02
7.900000000000000000e+02
7.940000000000000000e+02
8.060000000000000000e+02
7.980000000000000000e+02
7.640000000000000000e+02
7.770000000000000000e+02
7.810000000000000000e+02
7.430000000000000000e+02
7.500000000000000000e+02
7.600000000000000000e+02
7.530000000000000000e+02
7.440000000000000000e+02
7.490000000000000000e+02
7.960000000000000000e+02
7.790000000000000000e+02
7.760000000000000000e+02
7.890000000000000000e+02
7.930000000000000000e+02
7.630000000000000000e+02
7.800000000000000000e+02
8.000000000000000000e+02
7.790000000000000000e+02
7.800000000000000000e+02
7.850000000000000000e+02
7.790000000000000000e+02
7.380000000000000000e+02
7.220000000000000000e+02
7.350000000000000000e+02
7.930000000000000000e+02
8.470000000000000000e+02
8.230000000000000000e+02
7.970000000000000000e+02
8.330000000000000000e+02
8.480000000000000000e+02
7.930000000000000000e+02
7.840000000000000000e+02
8.000000000000000000e+02
7.910000000000000000e+02
7.650000000000000000e+02
8.010000000000000000e+02
8.540000000000000000e+02
8.460000000000000000e+02
8.610000000000000000e+02
8.590000000000000000e+02
7.990000000000000000e+02
8.300000000000000000e+02
8.520000000000000000e+02
8.190000000000000000e+02
8.200000000000000000e+02
8.630000000000000000e+02
8.390000000000000000e+02
7.870000000000000000e+02
8.090000000000000000e+02
8.330000000000000000e+02
8.000000000000000000e+02
8.250000000000000000e+02
8.770000000000000000e+02
8.450000000000000000e+02
7.950000000000000000e+02
8.160000000000000000e+02
8.260000000000000000e+02
8.160000000000000000e+02
8.040000000000000000e+02
8.580000000000000000e+02
8.610000000000000000e+02
8.050000000000000000e+02
8.510000000000000000e+02
8.440000000000000000e+02
7.990000000000000000e+02
8.040000000000000000e+02
8.350000000000000000e+02
8.200000000000000000e+02
7.970000000000000000e+02
8.260000000000000000e+02
8.720000000000000000e+02
7.820000000000000000e+02
7.610000000000000000e+02
7.830000000000000000e+02
8.900000000000000000e+02
9.600000000000000000e+02
9.870000000000000000e+02
1.000999999999999886e+03
9.830000000000000000e+02
8.990000000000000000e+02
8.760000000000000000e+02
8.440000000000000000e+02
7.800000000000000000e+02
7.750000000000000000e+02
8.160000000000000000e+02
8.790000000000000000e+02
8.250000000000000000e+02
8.780000000000000000e+02
9.170000000000000000e+02
8.980000000000000000e+02
8.110000000000000000e+02
8.150000000000000000e+02
8.210000000000000000e+02
8.190000000000000000e+02
7.760000000000000000e+02
7.780000000000000000e+02
8.070000000000000000e+02
8.370000000000000000e+02
7.950000000000000000e+02
8.230000000000000000e+02
8.660000000000000000e+02
8.680000000000000000e+02
8.200000000000000000e+02
8.470000000000000000e+02
8.510000000000000000e+02
7.930000000000000000e+02
8.110000000000000000e+02
